view (x:1.33, y:86.00, width:738.33, height:398.00) cameraPos (646.07, 43.48, 116.77) forward (0.52, -0.67, -0.53) pivot (1112.35, -554.78, -353.26)
other (x:1.33, y:86.00, width:738.33, height:398.00) cam (646.07, 43.48, 116.77) forward (0.52, -0.67, -0.53)
camera (x:0.00, y:0.00, width:1043.00, height:517.00) terrain (-75.00, 0.00, -75.00) size (900.00, 100.00, 900.00)
0.1,0.1: (674.13, 14.16, 126.89)
0.3,0.1: (664.61, 14.00, 117.39)
0.5,0.1: (654.95, 14.00, 107.86)
0.7,0.1: (645.49, 21.14, 102.81)
0.9,0.1: (635.69, 14.00, 88.85)
0.1,0.3: (683.58, 14.21, 125.09)
0.3,0.3: (672.20, 14.00, 113.65)
0.5,0.3: (660.56, 14.00, 102.19)
0.7,0.3: (648.01, 23.62, 99.24)
0.9,0.3: (637.33, 13.84, 79.11)
0.1,0.5: (698.20, 14.07, 122.41)
0.3,0.5: (683.67, 14.00, 108.00)
0.5,0.5: (669.05, 14.00, 93.61)
0.7,0.5: (653.84, 16.20, 82.05)
0.9,0.5: (639.92, 14.00, 64.94)
0.1,0.7: (751.25, 3.05, 118.23)
0.3,0.7: (723.77, 3.26, 91.78)
0.5,0.7: (674.59, 20.93, 87.98)
0.7,0.7: (663.75, 14.00, 59.89)
0.9,0.7: (643.56, 3.55, 13.74)
0.1,0.9: (771.73, 14.27, 108.50)
0.3,0.9: (768.60, 6.09, 68.74)
0.5,0.9: (680.60, 28.18, 81.87)
0.7,0.9: (695.71, 3.54, -13.89)
0.9,0.9: (653.49, 11.79, -18.10)
